0.000000
0.000000
0.000000
0.000000
0.000000
0.000000
0.000000
0.000000
0.000000
0.000000
0.000000
0.000000
-0.500000 -1.100000 0.000000
0.110000 -1.100000 0.610000
0.110000 -1.090000 0.620000
-0.260000 -1.090000 0.990000
-0.270000 -1.090000 1.000000
-0.280000 -1.090000 1.010000
-0.290000 -1.090000 1.020000
-0.300000 -1.090000 1.030000
-0.310000 -1.090000 1.040000
-0.310000 -1.080000 1.050000
-0.310000 -1.070000 1.060000
-0.310000 -1.060000 1.070000
-0.310000 -1.050000 1.080000
-0.310000 0.910000 3.040000
-0.310000 0.920000 3.050000
1.150000 1.150000 4.740000
-0.500000 -1.100000 0.000000
0.110000 -1.100000 0.610000
0.110000 -1.090000 0.620000
-0.260000 -1.090000 0.990000
-0.270000 -1.090000 1.000000
-0.280000 -1.090000 1.010000
-0.290000 -1.090000 1.020000
-0.300000 -1.090000 1.030000
-0.310000 -1.090000 1.040000
-0.310000 -1.080000 1.050000
-0.310000 -1.070000 1.060000
-0.310000 -1.060000 1.070000
-0.310000 -1.050000 1.080000
-0.310000 0.910000 3.040000
-0.310000 0.920000 3.050000
1.150000 1.150000 4.740000
0.000000
0.000000
0.000000
0.000000
0.000000
0.000000
0.000000
0.000000
0.000000
0.000000
0.000000
0.000000
0.000000
0.000000
0.000000
-1.350000 -1.100000 0.000000
0.110000 -1.100000 1.460000
0.110000 -1.090000 1.470000
-0.310000 0.910000 3.890000
-0.310000 0.920000 3.900000
-0.300000 0.920000 3.910000
-0.290000 0.920000 3.920000
-0.280000 0.920000 3.930000
-0.270000 0.920000 3.940000
-0.260000 0.920000 3.950000
-0.250000 0.920000 3.960000
-0.240000 0.920000 3.970000
-0.240000 0.930000 3.980000
-0.240000 0.940000 3.990000
1.150000 0.940000 5.380000
1.150000 1.150000 5.590000
-1.350000 -1.100000 0.000000
0.110000 -1.100000 1.460000
0.110000 -1.090000 1.470000
-0.260000 -1.090000 1.840000
-0.270000 -1.090000 1.850000
-0.280000 -1.090000 1.860000
-0.290000 -1.090000 1.870000
-0.300000 -1.090000 1.880000
-0.310000 -1.090000 1.890000
-0.310000 -1.080000 1.900000
-0.310000 -1.070000 1.910000
-0.310000 -1.060000 1.920000
-0.310000 -1.050000 1.930000
-0.310000 0.910000 3.890000
-0.310000 0.920000 3.900000
1.150000 1.150000 5.590000
-1.350000 -1.100000 0.000000
-1.350000 -1.505000 0.405000
-1.340000 -1.505000 0.415000
-1.340000 -1.515000 0.425000
-0.185000 -1.515000 1.580000
0.110000 -0.820000 2.570000
0.110000 -0.810000 2.580000
0.110000 -0.685000 2.705000
0.110000 -0.675000 2.715000
-0.615000 -0.615000 3.500000
-0.615000 -0.165000 3.950000
-1.315000 -0.165000 4.650000
-1.315000 0.615000 5.430000
-0.310000 0.910000 6.730000
-0.310000 0.920000 6.740000
1.150000 1.150000 8.430000
-1.350000 -1.100000 0.000000
0.110000 -1.100000 1.460000
0.110000 -0.810000 1.750000
-0.310000 1.130000 4.110000
-0.310000 1.140000 4.120000
0.300000 1.140000 4.730000
0.310000 1.140000 4.740000
0.320000 1.140000 4.750000
0.330000 1.140000 4.760000
0.340000 1.140000 4.770000
0.350000 1.140000 4.780000
0.360000 1.140000 4.790000
0.370000 1.140000 4.800000
0.380000 1.140000 4.810000
0.380000 1.150000 4.820000
1.150000 1.150000 5.590000
0.000000
0.000000
0.000000
-1.350000 -1.100000 0.000000
-1.350000 -1.505000 0.405000
-1.340000 -1.505000 0.415000
-1.340000 -1.515000 0.425000
-0.185000 -1.515000 1.580000
0.110000 -0.820000 2.570000
0.110000 -0.810000 2.580000
0.110000 -0.685000 2.705000
0.110000 -0.675000 2.715000
-0.615000 -0.615000 3.500000
-0.615000 -0.165000 3.950000
-1.315000 -0.165000 4.650000
-1.315000 0.615000 5.430000
-0.310000 0.910000 6.730000
-0.310000 0.920000 6.740000
1.150000 1.150000 8.430000
-1.350000 -1.100000 0.000000
-1.315000 -1.100000 0.035000
-1.315000 -0.585000 0.550000
-0.685000 -0.585000 1.180000
-0.685000 -0.615000 1.210000
0.110000 -0.615000 2.005000
0.110000 -0.810000 2.200000
0.110000 -0.810000 2.210000
-0.185000 -0.685000 2.630000
-0.615000 -0.615000 3.130000
-0.615000 -0.585000 3.160000
-1.315000 -0.165000 4.280000
-1.315000 0.615000 5.060000
-1.290000 0.910000 5.380000
-0.310000 0.910000 6.360000
0.000000 1.150000 6.910000
-1.350000 -1.100000 0.000000
-1.350000 -1.505000 0.405000
-1.340000 -1.505000 0.415000
-1.340000 -1.515000 0.425000
-0.185000 -1.515000 1.580000
0.110000 -0.820000 2.570000
0.110000 -0.810000 2.580000
0.110000 -0.685000 2.705000
0.110000 -0.675000 2.715000
-0.615000 -0.615000 3.500000
-0.615000 -0.165000 3.950000
-1.315000 -0.165000 4.650000
-1.315000 0.615000 5.430000
-0.310000 0.910000 6.730000
-0.310000 0.920000 6.740000
1.150000 1.150000 8.430000
-1.350000 -1.100000 0.000000
-1.350000 -0.585000 0.515000
-0.685000 -0.585000 1.180000
-0.615000 -0.685000 1.350000
-0.185000 -0.685000 1.780000
0.110000 -0.810000 2.200000
0.110000 -0.810000 2.210000
-0.185000 -0.615000 2.700000
-0.685000 -0.615000 3.200000
-0.685000 -0.165000 3.650000
-1.315000 -0.165000 4.280000
-1.315000 0.615000 5.060000
-1.315000 1.150000 5.595000
-0.815000 1.150000 6.095000
-0.805000 1.150000 6.105000
1.150000 1.150000 8.060000
-1.350000 -1.100000 0.000000
-1.350000 -1.505000 0.405000
-1.340000 -1.505000 0.415000
-1.340000 -1.515000 0.425000
-0.185000 -1.515000 1.580000
0.110000 -0.820000 2.570000
0.110000 -0.810000 2.580000
0.110000 -0.685000 2.705000
0.110000 -0.675000 2.715000
-0.615000 -0.615000 3.500000
-0.615000 -0.165000 3.950000
-1.315000 -0.165000 4.650000
-1.315000 0.615000 5.430000
-0.310000 0.910000 6.730000
-0.310000 0.920000 6.740000
1.150000 1.150000 8.430000
-1.350000 -1.100000 0.000000
-1.350000 -1.090000 0.010000
-1.350000 -1.080000 0.020000
-1.350000 -1.070000 0.030000
-1.350000 -1.060000 0.040000
-1.350000 -0.585000 0.515000
-1.340000 -0.585000 0.525000
-1.340000 -0.575000 0.535000
-1.330000 -0.575000 0.545000
-1.320000 -0.575000 0.555000
-1.320000 -0.565000 0.565000
-1.320000 0.910000 2.040000
-0.320000 0.910000 3.040000
-0.310000 0.910000 3.050000
0.310000 0.915000 3.675000
1.150000 1.150000 4.750000
0.000000
0.000000
0.000000
-1.350000 -1.100000 0.000000
-1.350000 -1.090000 0.010000
-1.350000 1.060000 2.160000
-1.350000 1.070000 2.170000
-1.350000 1.080000 2.180000
-1.350000 1.090000 2.190000
-1.350000 1.100000 2.200000
-1.350000 1.110000 2.210000
-0.615000 1.110000 2.945000
-0.585000 1.110000 2.975000
-0.585000 1.120000 2.985000
-0.585000 1.130000 2.995000
-0.585000 1.140000 3.005000
-0.585000 1.150000 3.015000
0.310000 1.150000 3.910000
1.150000 1.150000 4.750000
-1.350000 -1.100000 0.000000
-1.350000 -1.110000 0.010000
-1.350000 -1.515000 0.415000
-1.340000 -1.515000 0.425000
-1.335000 -1.515000 0.435000
-1.325000 -1.515000 0.445000
-1.315000 -1.515000 0.455000
-0.185000 -1.515000 1.585000
0.475000 -0.810000 2.950000
0.485000 -0.810000 2.960000
1.545000 -0.685000 4.145000
1.545000 0.915000 5.745000
-0.310000 0.915000 7.600000
-0.310000 0.925000 7.610000
0.310000 1.150000 8.455000
1.150000 1.150000 9.295000
0.000000
0.000000
0.000000
-1.350000 -1.100000 0.000000
-0.590000 -1.100000 0.760000
-0.590000 -1.090000 0.770000
-0.800000 -1.090000 0.980000
-0.810000 -1.090000 0.990000
-0.810000 0.060000 2.140000
-0.810000 0.070000 2.150000
-0.810000 0.080000 2.160000
-0.810000 0.090000 2.170000
-0.810000 0.100000 2.180000
-0.810000 0.110000 2.190000
-0.810000 0.120000 2.200000
-0.810000 0.130000 2.210000
-0.810000 0.910000 2.990000
-0.800000 0.910000 3.000000
1.150000 1.150000 5.190000
-1.350000 -1.100000 0.000000
-0.910000 -1.100000 0.440000
-0.910000 -1.090000 0.450000
0.110000 -1.090000 1.470000
0.110000 -1.080000 1.480000
-0.410000 -0.940000 2.140000
-0.410000 -0.930000 2.150000
-0.410000 -0.920000 2.160000
-0.410000 -0.910000 2.170000
-0.410000 0.360000 3.440000
-0.390000 0.360000 3.460000
-0.390000 0.370000 3.470000
-0.810000 0.370000 3.890000
-0.810000 0.380000 3.900000
-0.810000 0.390000 3.910000
-0.810000 0.910000 4.430000
-0.800000 0.910000 4.440000
-0.790000 0.910000 4.450000
1.130000 0.910000 6.370000
1.140000 0.910000 6.380000
1.140000 0.690000 6.600000
1.150000 0.690000 6.610000
1.150000 0.910000 6.830000
1.150000 0.920000 6.840000
1.150000 0.930000 6.850000
1.150000 1.150000 7.070000
-1.350000 -1.100000 0.000000
-0.910000 -1.100000 0.440000
-0.910000 -1.090000 0.450000
-0.410000 -1.090000 0.950000
-0.410000 -1.080000 0.960000
-0.410000 -1.070000 0.970000
-0.410000 -1.060000 0.980000
-0.390000 -0.390000 1.670000
-0.380000 -0.390000 1.680000
-0.370000 -0.390000 1.690000
0.110000 -0.810000 2.590000
0.110000 -0.810000 2.600000
-0.810000 -0.810000 3.520000
-0.810000 -0.800000 3.530000
-0.810000 -0.790000 3.540000
-0.810000 -0.780000 3.550000
-0.810000 0.380000 4.710000
-0.810000 0.390000 4.720000
-0.800000 0.390000 4.730000
-0.800000 0.910000 5.250000
-0.790000 0.910000 5.260000
-0.780000 0.910000 5.270000
1.130000 0.690000 7.400000
1.140000 0.690000 7.410000
1.140000 1.150000 7.870000
1.150000 1.150000 7.880000
-1.350000 -1.100000 0.000000
-1.110000 -0.910000 0.430000
-1.100000 -0.910000 0.440000
-1.090000 -0.910000 0.450000
-0.910000 -0.910000 0.630000
-0.420000 -0.910000 1.120000
-0.410000 -0.910000 1.130000
0.110000 -0.910000 1.650000
0.110000 -0.900000 1.660000
0.110000 -0.390000 2.170000
0.110000 0.360000 2.920000
-0.390000 0.360000 3.420000
-0.390000 0.370000 3.430000
-0.390000 0.380000 3.440000
-0.810000 0.380000 3.860000
-0.810000 0.390000 3.870000
-0.810000 0.900000 4.380000
-0.810000 0.910000 4.390000
-0.800000 0.910000 4.400000
-0.800000 0.690000 4.620000
0.710000 0.690000 6.130000
0.720000 0.690000 6.140000
0.720000 1.140000 6.590000
0.720000 1.150000 6.600000
1.140000 1.150000 7.020000
1.150000 1.150000 7.030000
-1.350000 -1.100000 0.000000
-1.350000 -1.090000 0.010000
-1.350000 -0.920000 0.180000
-1.090000 -0.920000 0.440000
-0.910000 -0.920000 0.620000
-0.420000 -0.920000 1.110000
-0.410000 -0.920000 1.120000
-0.410000 -0.910000 1.130000
0.110000 -0.910000 1.650000
0.110000 -0.810000 1.750000
0.110000 -0.430000 2.130000
0.110000 -0.420000 2.140000
0.110000 -0.410000 2.150000
0.110000 -0.400000 2.160000
0.110000 -0.390000 2.170000
0.100000 -0.390000 2.180000
0.090000 -0.390000 2.190000
0.080000 -0.390000 2.200000
0.070000 -0.390000 2.210000
0.060000 -0.390000 2.220000
0.050000 -0.390000 2.230000
0.040000 -0.390000 2.240000
0.030000 -0.390000 2.250000
-0.380000 -0.390000 2.660000
-0.390000 -0.390000 2.670000
-0.810000 -0.390000 3.090000
-0.810000 -0.380000 3.100000
-0.810000 0.060000 3.540000
-0.810000 0.390000 3.870000
-0.810000 0.910000 4.390000
-0.310000 0.910000 4.890000
0.710000 0.690000 6.130000
0.720000 0.690000 6.140000
0.730000 0.690000 6.150000
0.730000 1.150000 6.610000
1.150000 1.150000 7.030000
-1.350000 -1.100000 0.000000
-0.910000 -1.100000 0.440000
-0.910000 -1.090000 0.450000
-0.410000 -1.090000 0.950000
-0.410000 -1.080000 0.960000
-0.410000 -1.070000 0.970000
-0.410000 -1.060000 0.980000
-0.390000 -0.390000 1.670000
-0.380000 -0.390000 1.680000
-0.370000 -0.390000 1.690000
0.110000 -0.810000 2.590000
0.110000 -0.810000 2.600000
-0.810000 -0.810000 3.520000
-0.810000 -0.800000 3.530000
-0.810000 -0.790000 3.540000
-0.810000 -0.780000 3.550000
-0.810000 0.380000 4.710000
-0.810000 0.390000 4.720000
-0.800000 0.390000 4.730000
-0.800000 0.910000 5.250000
-0.790000 0.910000 5.260000
-0.780000 0.910000 5.270000
1.130000 0.690000 7.400000
1.140000 0.690000 7.410000
1.140000 1.150000 7.870000
1.150000 1.150000 7.880000
-1.371024 -0.102864 0.000000
-1.371024 0.060000 0.162864
-1.090000 0.060000 0.443888
-1.080000 0.060000 0.453888
-1.080000 -0.810000 1.323888
-1.070000 -0.810000 1.333888
-1.060000 -0.810000 1.343888
-1.050000 -0.810000 1.353888
-1.040000 -0.810000 1.363888
-0.440000 -0.910000 2.063888
-0.430000 -0.910000 2.073888
-0.420000 -0.910000 2.083888
-0.410000 -0.910000 2.093888
0.110000 -0.810000 2.713888
0.710000 -0.810000 3.313888
0.710000 -0.800000 3.323888
0.710000 0.310000 4.433888
0.710000 0.320000 4.443888
0.390000 0.320000 4.763888
0.310000 0.320000 4.843888
0.310000 0.330000 4.853888
0.310000 0.910000 5.433888
0.310000 0.920000 5.443888
-0.310000 1.298267 6.442155
-0.310000 1.308267 6.452155
-0.045226 1.308267 6.716929
-0.626873 -0.261318 0.000000
-0.590000 -0.910000 0.685555
-0.410000 -0.910000 0.865555
0.110000 -0.910000 1.385555
0.110000 -0.900000 1.395555
-0.910000 -0.900000 2.415555
-0.910000 -0.890000 2.425555
0.390000 -0.390000 4.225555
0.390000 -0.380000 4.235555
0.710000 0.370000 5.305555
0.710000 0.380000 5.315555
-0.810000 0.380000 6.835555
-0.810000 0.390000 6.845555
-0.810000 0.910000 7.365555
-0.800000 0.910000 7.375555
0.310000 0.910000 8.485555
0.310000 1.202934 8.778490
-0.097635 1.202934 9.186125
-0.107635 1.202934 9.196125
-0.117635 1.202934 9.206125
-0.127635 1.202934 9.216125
0.000000
0.000000
0.000000
-0.772017 -0.279814 0.000000
-0.910000 -0.810000 0.668169
-0.910000 -0.910000 0.768169
-0.420000 -0.910000 1.258169
-0.410000 -0.910000 1.268169
0.110000 -0.810000 1.888169
0.380000 -0.810000 2.158169
0.380000 0.370000 3.338169
0.390000 0.370000 3.348169
0.710000 0.370000 3.668169
0.710000 0.380000 3.678169
-0.810000 0.380000 5.198169
-0.810000 0.390000 5.208169
-0.310000 0.910000 6.228169
-0.310000 0.920000 6.238169
0.310000 0.920000 6.858169
0.310000 0.930000 6.868169
0.034058 0.930000 7.144111
0.034058 0.940000 7.154111
0.034058 1.212841 7.426953
0.034058 1.222841 7.436953
0.000000
0.000000
0.000000
0.000000
0.000000
0.000000
-0.899909 -0.357500 0.000000
-0.909909 -0.357500 0.010000
-1.315000 -0.357500 0.415091
-1.315000 -0.245000 0.527591
-1.315000 -0.235000 0.537591
-1.315000 -0.225000 0.547591
-1.315000 -0.215000 0.557591
-1.315000 -0.205000 0.567591
-1.315000 -0.195000 0.577591
-1.315000 -0.185000 0.587591
-1.315000 -0.175000 0.597591
-1.315000 -0.165000 0.607591
-1.315000 -0.155000 0.617591
-1.315000 -0.145000 0.627591
-1.315000 0.615000 1.387591
-1.305000 0.615000 1.397591
-1.290000 0.910000 1.707591
-1.280000 0.910000 1.717591
0.310000 0.910000 3.307591
0.310000 1.320000 3.717591
0.140621 1.328914 3.895883
0.000000
0.000000
0.000000
-1.070764 -0.562708 0.000000
-1.070764 -0.810000 0.247292
-1.080764 -0.810000 0.257292
-1.315000 -0.810000 0.491527
-1.315000 0.615000 1.916527
-0.685000 0.615000 2.546527
-0.675000 0.615000 2.556527
-0.665000 0.615000 2.566527
-0.655000 0.615000 2.576527
-0.645000 0.615000 2.586527
-0.635000 0.615000 2.596527
-0.625000 0.615000 2.606527
-0.615000 0.615000 2.616527
-0.605000 0.615000 2.626527
-0.595000 0.615000 2.636527
-0.585000 0.615000 2.646527
0.300000 0.615000 3.531527
0.310000 0.615000 3.541527
0.310000 0.910000 3.836527
0.310000 1.320000 4.246527
-0.070537 1.332161 4.639225
-1.350000 -1.100000 0.000000
-1.340000 -1.100000 0.010000
-1.330000 -1.100000 0.020000
-1.320000 -1.100000 0.030000
-1.310000 -1.100000 0.040000
-1.300000 -1.100000 0.050000
-1.290000 -1.100000 0.060000
-1.090000 -1.100000 0.260000
-1.080000 -1.100000 0.270000
0.110000 -1.100000 1.460000
0.120000 -1.100000 1.470000
0.130000 -1.100000 1.480000
0.130000 -1.090000 1.490000
1.090000 0.310000 3.850000
1.100000 0.310000 3.860000
1.110000 0.310000 3.870000
1.120000 0.310000 3.880000
1.130000 0.310000 3.890000
1.140000 0.310000 3.900000
1.150000 0.310000 3.910000
1.150000 1.150000 4.750000
-1.350000 -1.100000 0.000000
-1.340000 -1.100000 0.010000
-1.330000 -1.100000 0.020000
-1.320000 -1.100000 0.030000
-1.310000 -1.100000 0.040000
-1.300000 -1.100000 0.050000
-1.290000 -1.100000 0.060000
-1.090000 -1.100000 0.260000
-1.080000 -1.100000 0.270000
0.110000 -1.100000 1.460000
0.120000 -1.100000 1.470000
0.130000 -1.100000 1.480000
0.130000 -1.090000 1.490000
1.090000 0.310000 3.850000
1.100000 0.310000 3.860000
1.110000 0.310000 3.870000
1.120000 0.310000 3.880000
1.130000 0.310000 3.890000
1.140000 0.310000 3.900000
1.150000 0.310000 3.910000
1.150000 1.150000 4.750000
-1.350000 -1.100000 0.000000
4.560000 0.560000 7.570000
4.570000 0.560000 7.580000
4.580000 0.560000 7.590000
6.560000 0.560000 9.570000
6.560000 0.570000 9.580000
6.550000 0.570000 9.590000
6.540000 0.570000 9.600000
2.620000 0.570000 13.520000
2.610000 0.570000 13.530000
2.600000 0.570000 13.540000
2.590000 0.570000 13.550000
2.580000 0.570000 13.560000
2.570000 0.570000 13.570000
2.570000 0.580000 13.580000
2.570000 0.590000 13.590000
2.570000 2.540000 15.540000
2.570000 2.550000 15.550000
2.570000 2.560000 15.560000
2.560000 2.560000 15.570000
1.150000 1.150000 18.390000
-1.350000 -1.100000 0.000000
-1.340000 -1.100000 0.010000
1.380000 6.610000 10.440000
1.390000 6.610000 10.450000
2.560000 6.610000 11.620000
2.560000 5.440000 12.790000
2.560000 5.430000 12.800000
2.560000 2.600000 15.630000
2.560000 2.590000 15.640000
2.560000 2.580000 15.650000
2.560000 2.570000 15.660000
2.570000 2.570000 15.670000
2.570000 2.560000 15.680000
2.580000 2.560000 15.690000
2.590000 2.560000 15.700000
6.560000 1.160000 21.070000
6.560000 1.150000 21.080000
5.440000 1.150000 22.200000
5.430000 1.150000 22.210000
1.440000 1.150000 26.200000
1.150000 1.150000 26.490000
5.000000 5.000000 0.000000
5.000000 4.990000 0.010000
6.560000 1.440000 5.120000
6.560000 1.440000 5.130000
5.460000 1.440000 6.230000
5.450000 1.440000 6.240000
5.440000 1.440000 6.250000
5.430000 1.440000 6.260000
5.420000 1.440000 6.270000
1.440000 1.440000 10.250000
1.440000 1.440000 10.260000
2.560000 1.440000 11.380000
2.560000 2.550000 12.490000
2.560000 2.560000 12.500000
2.560000 2.570000 12.510000
2.560000 4.550000 14.490000
2.560000 4.560000 14.500000
2.560000 5.440000 15.380000
1.390000 6.610000 17.720000
1.390000 6.620000 17.730000
3.000000 7.000000 19.720000
0.000000
0.000000
0.000000
5.000000 5.000000 0.000000
5.000000 4.990000 0.010000
6.560000 1.440000 5.120000
6.560000 1.440000 5.130000
5.460000 1.440000 6.230000
5.450000 1.440000 6.240000
5.440000 1.440000 6.250000
5.430000 1.440000 6.260000
5.420000 1.440000 6.270000
1.440000 1.440000 10.250000
1.440000 1.440000 10.260000
2.560000 1.440000 11.380000
2.560000 2.550000 12.490000
2.560000 2.560000 12.500000
2.560000 2.570000 12.510000
2.560000 4.550000 14.490000
2.560000 4.560000 14.500000
2.560000 5.440000 15.380000
1.390000 6.610000 17.720000
1.390000 6.620000 17.730000
3.000000 7.000000 19.720000
5.000000 5.000000 0.000000
5.000000 4.990000 0.010000
6.560000 1.450000 5.110000
6.560000 1.440000 5.120000
6.560000 1.440000 5.130000
6.550000 1.440000 5.140000
6.540000 1.440000 5.150000
5.440000 1.440000 6.250000
5.430000 1.440000 6.260000
1.440000 1.440000 10.250000
1.440000 1.440000 10.260000
1.440000 3.410000 12.230000
3.000000 3.410000 13.790000
3.000000 3.420000 13.800000
3.000000 3.430000 13.810000
3.000000 3.440000 13.820000
3.000000 3.450000 13.830000
3.000000 5.430000 15.810000
3.000000 5.440000 15.820000
3.000000 6.990000 17.370000
3.000000 7.000000 17.380000
5.000000 5.000000 0.000000
5.000000 1.440000 3.560000
5.440000 1.440000 4.000000
5.450000 1.440000 4.010000
6.560000 1.440000 5.120000
6.560000 1.430000 5.130000
6.550000 1.430000 5.140000
6.540000 1.430000 5.150000
6.530000 1.430000 5.160000
1.440000 1.430000 10.250000
1.440000 1.440000 10.260000
2.960000 1.440000 11.780000
2.960000 1.450000 11.790000
2.960000 2.560000 12.900000
2.960000 2.570000 12.910000
2.960000 4.560000 14.900000
2.970000 4.560000 14.910000
2.980000 4.560000 14.920000
2.990000 4.560000 14.930000
3.000000 4.560000 14.940000
3.000000 7.000000 17.380000
0.000000
0.000000
0.000000
0.000000
0.000000
0.000000
5.000000 5.000000 0.000000
5.000000 5.010000 0.010000
5.000000 5.115000 0.115000
5.000000 5.125000 0.125000
5.000000 5.135000 0.135000
5.000000 5.145000 0.145000
5.000000 5.155000 0.155000
5.000000 5.165000 0.165000
5.000000 5.175000 0.175000
5.000000 5.185000 0.185000
5.000000 5.195000 0.195000
5.010000 5.195000 0.205000
5.020000 5.195000 0.215000
5.030000 5.195000 0.225000
5.040000 5.195000 0.235000
5.040000 5.785000 0.825000
5.050000 5.785000 0.835000
5.060000 5.785000 0.845000
7.115000 5.785000 2.900000
7.115000 6.215000 3.330000
3.000000 7.000000 8.230000
5.000000 5.000000 0.000000
5.000000 3.785000 1.215000
3.785000 3.785000 2.430000
3.775000 3.785000 2.440000
2.590000 2.560000 4.850000
2.580000 2.560000 4.860000
2.570000 2.560000 4.870000
2.560000 2.560000 4.880000
2.215000 0.935000 6.850000
2.215000 0.925000 6.860000
2.215000 0.915000 6.870000
2.215000 0.905000 6.880000
2.215000 0.895000 6.890000
2.215000 0.885000 6.900000
1.440000 0.885000 7.675000
1.440000 0.885000 7.685000
4.215000 0.885000 10.460000
4.215000 5.115000 14.690000
7.115000 5.115000 17.590000
7.115000 7.000000 19.475000
3.000000 7.000000 23.590000
0.000000
0.000000
0.000000
5.000000 5.000000 0.000000
4.215000 5.000000 0.785000
4.215000 2.620000 3.165000
4.215000 2.610000 3.175000
4.215000 2.600000 3.185000
4.215000 2.590000 3.195000
4.215000 2.580000 3.205000
4.215000 2.570000 3.215000
4.215000 2.560000 3.225000
3.440000 2.560000 4.000000
2.560000 2.560000 4.880000
2.215000 0.885000 6.900000
1.440000 0.885000 7.675000
1.440000 0.885000 7.685000
2.215000 0.885000 8.460000
4.560000 0.885000 10.805000
4.570000 0.885000 10.815000
4.570000 5.115000 15.045000
7.115000 5.785000 18.260000
7.115000 6.215000 18.690000
3.000000 7.000000 23.590000
5.000000 5.000000 0.000000
5.000000 3.785000 1.215000
3.440000 2.560000 4.000000
3.430000 2.560000 4.010000
3.430000 2.550000 4.020000
3.430000 1.240981 5.329019
3.430000 1.230981 5.339019
3.430000 0.885000 5.685000
1.440000 0.885000 7.675000
1.440000 1.440000 8.230000
1.440000 4.215000 11.005000
2.560000 4.560000 12.470000
2.560000 4.560000 12.480000
1.785000 4.215000 13.600000
1.785000 2.115000 15.700000
1.785000 0.885000 16.930000
4.105000 0.885000 19.250000
4.115000 0.885000 19.260000
4.215000 0.885000 19.360000
4.215000 0.895000 19.370000
4.560000 0.895000 19.715000
4.570000 0.895000 19.725000
4.570000 5.115000 23.945000
6.560000 5.115000 25.935000
6.560000 1.440000 29.610000
7.115000 1.440000 30.165000
7.115000 4.282500 33.007500
7.115000 6.215000 34.940000
1.390000 6.610000 41.060000
1.390000 7.000000 41.450000
3.000000 7.000000 43.060000
5.000000 5.000000 0.000000
5.000000 1.440000 3.560000
5.010000 1.440000 3.570000
6.560000 1.440000 5.120000
6.560000 1.440000 5.130000
1.530000 1.440000 10.160000
1.520000 1.440000 10.170000
1.510000 1.440000 10.180000
1.500000 1.440000 10.190000
1.490000 1.440000 10.200000
1.480000 1.440000 10.210000
1.470000 1.440000 10.220000
1.460000 1.440000 10.230000
1.450000 1.440000 10.240000
1.440000 1.440000 10.250000
1.440000 1.440000 10.260000
1.450000 1.440000 10.270000
1.460000 1.440000 10.280000
2.560000 1.440000 11.380000
2.560000 1.450000 11.390000
2.560000 1.460000 11.400000
2.560000 2.560000 12.500000
2.560000 2.570000 12.510000
2.560000 2.580000 12.520000
2.560000 5.430000 15.370000
2.560000 5.440000 15.380000
1.390000 6.980000 18.090000
1.390000 6.990000 18.100000
1.390000 7.000000 18.110000
2.990000 7.000000 19.710000
3.000000 7.000000 19.720000
5.000000 5.000000 0.000000
5.000000 3.785000 1.215000
3.440000 3.440000 3.120000
2.560000 2.560000 4.880000
2.225000 0.885000 6.890000
2.215000 0.885000 6.900000
1.440000 0.885000 7.675000
1.440000 1.440000 8.230000
1.785000 4.215000 11.350000
2.560000 4.560000 12.470000
2.560000 4.560000 12.480000
1.785000 4.215000 13.600000
1.785000 0.885000 16.930000
2.215000 0.885000 17.360000
4.560000 0.885000 19.705000
4.560000 0.895000 19.715000
4.560000 0.905000 19.725000
4.560000 4.115000 22.935000
4.570000 4.115000 22.945000
4.580000 4.115000 22.955000
4.580000 5.115000 23.955000
6.215000 5.115000 25.590000
6.215000 1.440000 29.265000
7.105000 1.440000 30.155000
7.115000 1.440000 30.165000
7.115000 6.215000 34.940000
5.785000 6.610000 36.665000
1.390000 6.610000 41.060000
1.390000 6.620000 41.070000
1.400000 6.620000 41.080000
3.000000 7.000000 43.060000
5.000000 5.000000 0.000000
5.000000 3.785000 1.215000
3.440000 3.440000 3.120000
2.560000 2.560000 4.880000
2.225000 0.885000 6.890000
2.215000 0.885000 6.900000
1.440000 0.885000 7.675000
1.440000 1.440000 8.230000
1.785000 4.215000 11.350000
2.560000 4.560000 12.470000
2.560000 4.560000 12.480000
1.785000 4.215000 13.600000
1.785000 0.885000 16.930000
2.215000 0.885000 17.360000
4.560000 0.885000 19.705000
4.560000 0.895000 19.715000
4.560000 0.905000 19.725000
4.560000 4.115000 22.935000
4.570000 4.115000 22.945000
4.580000 4.115000 22.955000
4.580000 5.115000 23.955000
6.215000 5.115000 25.590000
6.215000 1.440000 29.265000
7.105000 1.440000 30.155000
7.115000 1.440000 30.165000
7.115000 6.215000 34.940000
5.785000 6.610000 36.665000
1.390000 6.610000 41.060000
1.390000 6.620000 41.070000
1.400000 6.620000 41.080000
3.000000 7.000000 43.060000
5.000000 5.000000 0.000000
5.000000 1.440000 3.560000
4.560000 0.885000 4.555000
1.440000 0.885000 7.675000
1.440000 0.895000 7.685000
1.440000 0.905000 7.695000
1.440000 0.915000 7.705000
1.440000 0.925000 7.715000
1.440000 4.215000 11.005000
2.560000 4.560000 12.470000
2.560000 4.560000 12.480000
1.785000 4.560000 13.255000
1.785000 0.885000 16.930000
2.215000 0.885000 17.360000
2.215000 0.895000 17.370000
2.560000 2.560000 19.380000
2.570000 2.560000 19.390000
4.215000 2.560000 21.035000
4.215000 5.115000 23.590000
6.215000 5.115000 25.590000
6.215000 5.105000 25.600000
6.560000 1.440000 29.610000
6.570000 1.440000 29.620000
6.580000 1.440000 29.630000
6.590000 1.440000 29.640000
6.600000 1.440000 29.650000
7.115000 1.440000 30.165000
7.115000 6.215000 34.940000
1.390000 6.610000 41.060000
1.390000 6.620000 41.070000
3.000000 7.000000 43.060000
5.000000 5.000000 0.000000
5.000000 3.785000 1.215000
3.440000 3.440000 3.120000
2.560000 2.560000 4.880000
2.225000 0.885000 6.890000
2.215000 0.885000 6.900000
1.440000 0.885000 7.675000
1.440000 1.440000 8.230000
1.785000 4.215000 11.350000
2.560000 4.560000 12.470000
2.560000 4.560000 12.480000
1.785000 4.215000 13.600000
1.785000 0.885000 16.930000
2.215000 0.885000 17.360000
4.560000 0.885000 19.705000
4.560000 0.895000 19.715000
4.560000 0.905000 19.725000
4.560000 4.115000 22.935000
4.570000 4.115000 22.945000
4.580000 4.115000 22.955000
4.580000 5.115000 23.955000
6.215000 5.115000 25.590000
6.215000 1.440000 29.265000
7.105000 1.440000 30.155000
7.115000 1.440000 30.165000
7.115000 6.215000 34.940000
5.785000 6.610000 36.665000
1.390000 6.610000 41.060000
1.390000 6.620000 41.070000
1.400000 6.620000 41.080000
3.000000 7.000000 43.060000
5.000000 5.000000 0.000000
4.560000 5.000000 0.440000
4.560000 1.440000 4.000000
4.560000 0.885000 4.555000
4.215000 0.885000 4.900000
1.440000 0.885000 7.675000
1.440000 0.895000 7.685000
1.440000 4.215000 11.005000
2.215000 4.215000 11.780000
2.560000 4.560000 12.470000
2.560000 4.560000 12.480000
1.785000 4.215000 13.600000
1.785000 3.785000 14.030000
1.785000 0.885000 16.930000
2.560000 0.885000 17.705000
2.560000 2.560000 19.380000
2.560000 2.570000 19.390000
2.560000 3.785000 20.605000
5.785000 3.785000 23.830000
5.785000 5.115000 25.160000
6.215000 5.115000 25.590000
6.215000 5.105000 25.600000
6.560000 1.440000 29.610000
7.115000 1.440000 30.165000
7.115000 1.450000 30.175000
7.115000 6.215000 34.940000
7.105000 6.215000 34.950000
7.105000 6.225000 34.960000
3.010000 6.225000 39.055000
3.000000 6.225000 39.065000
3.000000 7.000000 39.840000
5.000000 5.000000 0.000000
5.000000 3.785000 1.215000
3.440000 3.440000 3.120000
2.560000 3.440000 4.000000
2.225000 3.440000 4.335000
2.215000 0.885000 6.900000
1.440000 0.885000 7.675000
1.440000 1.440000 8.230000
1.440000 4.215000 11.005000
2.560000 4.560000 12.470000
2.560000 4.560000 12.480000
1.785000 4.215000 13.600000
1.785000 0.885000 16.930000
2.215000 0.885000 17.360000
4.560000 0.885000 19.705000
4.560000 0.895000 19.715000
4.560000 0.905000 19.725000
4.560000 4.115000 22.935000
4.570000 4.115000 22.945000
4.580000 4.115000 22.955000
4.580000 5.115000 23.955000
6.215000 5.115000 25.590000
6.215000 1.440000 29.265000
7.105000 1.440000 30.155000
7.115000 1.440000 30.165000
7.115000 6.215000 34.940000
5.785000 6.610000 36.665000
1.390000 6.610000 41.060000
1.390000 6.620000 41.070000
3.000000 6.620000 42.680000
3.000000 7.000000 43.060000
0.000000
0.000000
0.000000
5.000000 5.000000 0.000000
5.000000 3.785000 1.215000
3.440000 2.560000 4.000000
3.430000 2.560000 4.010000
3.430000 2.550000 4.020000
3.430000 1.240981 5.329019
3.430000 1.230981 5.339019
3.430000 0.885000 5.685000
1.440000 0.885000 7.675000
1.440000 1.440000 8.230000
1.440000 4.215000 11.005000
2.560000 4.560000 12.470000
2.560000 4.560000 12.480000
1.785000 4.215000 13.600000
1.785000 2.115000 15.700000
1.785000 0.885000 16.930000
4.105000 0.885000 19.250000
4.115000 0.885000 19.260000
4.215000 0.885000 19.360000
4.215000 0.895000 19.370000
4.560000 0.895000 19.715000
4.570000 0.895000 19.725000
4.570000 5.115000 23.945000
6.560000 5.115000 25.935000
6.560000 1.440000 29.610000
7.115000 1.440000 30.165000
7.115000 4.282500 33.007500
7.115000 6.215000 34.940000
1.390000 6.610000 41.060000
1.390000 7.000000 41.450000
3.000000 7.000000 43.060000
5.000000 5.000000 0.000000
4.560000 1.440000 4.000000
4.560000 1.115000 4.325000
2.225000 1.115000 6.660000
2.225000 0.895000 6.880000
2.225000 0.885000 6.890000
2.215000 0.885000 6.900000
1.460000 0.885000 7.655000
1.450000 0.885000 7.665000
1.440000 0.885000 7.675000
1.440000 1.440000 8.230000
1.450000 1.440000 8.240000
1.450000 4.215000 11.015000
2.560000 4.560000 12.470000
2.560000 4.560000 12.480000
1.785000 4.560000 13.255000
1.785000 0.885000 16.930000
2.560000 0.885000 17.705000
2.560000 2.560000 19.380000
2.570000 2.560000 19.390000
4.215000 2.560000 21.035000
5.785000 5.115000 25.160000
6.215000 5.115000 25.590000
6.560000 1.440000 29.610000
7.115000 1.440000 30.165000
7.115000 6.215000 34.940000
1.390000 6.610000 41.060000
1.390000 6.620000 41.070000
1.400000 6.620000 41.080000
3.000000 6.620000 42.680000
3.000000 7.000000 43.060000
5.000000 5.000000 0.000000
4.560000 1.440000 4.000000
4.560000 1.115000 4.325000
2.225000 1.115000 6.660000
2.225000 0.895000 6.880000
2.225000 0.885000 6.890000
2.215000 0.885000 6.900000
1.460000 0.885000 7.655000
1.450000 0.885000 7.665000
1.440000 0.885000 7.675000
1.440000 1.440000 8.230000
1.450000 1.440000 8.240000
1.450000 4.215000 11.015000
2.560000 4.560000 12.470000
2.560000 4.560000 12.480000
1.785000 4.560000 13.255000
1.785000 0.885000 16.930000
2.560000 0.885000 17.705000
2.560000 2.560000 19.380000
2.570000 2.560000 19.390000
4.215000 2.560000 21.035000
5.785000 5.115000 25.160000
6.215000 5.115000 25.590000
6.560000 1.440000 29.610000
7.115000 1.440000 30.165000
7.115000 6.215000 34.940000
1.390000 6.610000 41.060000
1.390000 6.620000 41.070000
1.400000 6.620000 41.080000
3.000000 6.620000 42.680000
3.000000 7.000000 43.060000
0.000000
0.000000
0.000000
0.000000
0.000000
0.000000
4.500000 2.000000 0.000000
2.510000 0.590000 1.133333
1.470000 0.590000 1.480000
1.440000 0.590000 1.490000
1.440000 1.440000 1.773333
1.440000 4.380000 2.753333
1.440000 4.410000 2.763333
1.440000 4.440000 2.773333
1.440000 4.510000 2.796667
2.560000 4.560000 3.186667
2.560000 4.560000 3.196667
1.490000 4.510000 3.570000
1.490000 0.590000 4.876667
1.520000 0.590000 4.886667
2.510000 0.590000 5.216667
2.560000 2.560000 5.890000
2.590000 2.560000 5.900000
4.510000 3.490000 6.850000
5.490000 5.410000 7.816667
6.510000 5.410000 8.156667
6.560000 1.440000 9.496667
6.560000 1.440000 9.506667
6.510000 5.410000 10.846667
5.490000 5.410000 11.186667
5.440000 1.440000 12.526667
5.410000 1.440000 12.536667
5.410000 1.440000 12.546667
4.500000 2.000000 0.000000
3.440000 2.560000 0.540000
3.440000 2.590000 0.550000
4.510000 2.590000 0.906667
4.510000 5.410000 1.846667
6.510000 5.410000 2.513333
6.560000 1.440000 3.853333
6.560000 1.440000 3.863333
6.560000 5.410000 5.186667
5.490000 5.410000 5.543333
5.490000 0.590000 7.150000
1.490000 0.590000 8.483333
1.490000 4.510000 9.790000
2.510000 4.510000 10.130000
2.540000 4.510000 10.140000
2.560000 4.560000 10.163333
2.560000 4.560000 10.173333
1.490000 4.560000 10.530000
1.440000 1.440000 11.586667
1.440000 0.590000 11.870000
4.560000 0.590000 12.910000
4.560000 0.620000 12.920000
4.560000 5.410000 14.516667
7.410000 5.410000 15.466667
7.410000 6.510000 15.833333
1.390000 6.610000 17.873333
1.360000 6.610000 17.883333
4.500000 2.000000 0.000000
4.510000 2.020000 0.010000
4.510000 5.410000 1.140000
7.410000 5.410000 2.106667
7.410000 6.510000 2.473333
2.570000 6.510000 4.086667
2.540000 6.510000 4.096667
2.510000 6.510000 4.106667
1.390000 6.610000 4.513333
1.390000 6.610000 4.523333
7.410000 6.510000 6.563333
7.410000 1.440000 8.253333
6.560000 1.440000 8.536667
6.560000 5.410000 9.860000
4.560000 5.410000 10.526667
4.560000 1.440000 11.850000
4.560000 0.590000 12.133333
1.490000 0.590000 13.156667
1.490000 4.510000 14.463333
2.560000 4.560000 14.836667
2.560000 4.560000 14.846667
1.490000 4.560000 15.203333
1.440000 1.440000 16.260000
1.440000 0.590000 16.543333
2.510000 0.590000 16.900000
2.560000 2.560000 17.573333
2.560000 2.590000 17.583333
4.500000 2.000000 0.000000
3.440000 2.560000 0.540000
3.440000 2.590000 0.550000
4.510000 2.590000 0.906667
4.510000 5.410000 1.846667
6.510000 5.410000 2.513333
6.560000 1.440000 3.853333
6.560000 1.440000 3.863333
6.560000 5.410000 5.186667
5.490000 5.410000 5.543333
5.490000 0.590000 7.150000
1.490000 0.590000 8.483333
1.490000 4.510000 9.790000
2.510000 4.510000 10.130000
2.540000 4.510000 10.140000
2.560000 4.560000 10.163333
2.560000 4.560000 10.173333
1.490000 4.560000 10.530000
1.440000 1.440000 11.586667
1.440000 0.590000 11.870000
4.560000 0.590000 12.910000
4.560000 0.620000 12.920000
4.560000 5.410000 14.516667
7.410000 5.410000 15.466667
7.410000 6.510000 15.833333
1.390000 6.610000 17.873333
1.360000 6.610000 17.883333
0.000000
0.000000
0.000000
4.500000 2.000000 0.000000
3.440000 2.560000 0.540000
3.440000 2.560000 0.550000
4.560000 1.410000 1.306667
4.560000 0.590000 1.580000
1.440000 0.590000 2.620000
1.440000 0.590000 2.630000
4.510000 0.590000 3.653333
5.490000 5.410000 5.586667
6.510000 5.410000 5.926667
6.560000 1.440000 7.266667
6.560000 1.440000 7.276667
6.510000 5.410000 8.616667
5.490000 5.410000 8.956667
4.510000 0.590000 10.890000
1.490000 0.590000 11.896667
1.490000 4.510000 13.203333
2.560000 4.560000 13.576667
2.560000 4.560000 13.586667
1.490000 4.510000 13.960000
1.490000 0.590000 15.266667
4.510000 0.590000 16.273333
4.510000 5.410000 17.880000
7.410000 5.410000 18.846667
7.410000 6.510000 19.213333
1.390000 6.610000 21.253333
1.390000 6.610000 21.263333
4.500000 2.000000 0.000000
3.440000 2.560000 0.540000
3.440000 2.560000 0.550000
4.560000 1.410000 1.306667
4.560000 0.590000 1.580000
1.440000 0.590000 2.620000
1.440000 0.590000 2.630000
4.510000 0.590000 3.653333
5.490000 5.410000 5.586667
6.510000 5.410000 5.926667
6.560000 1.440000 7.266667
6.560000 1.440000 7.276667
6.510000 5.410000 8.616667
5.490000 5.410000 8.956667
4.510000 0.590000 10.890000
1.490000 0.590000 11.896667
1.490000 4.510000 13.203333
2.560000 4.560000 13.576667
2.560000 4.560000 13.586667
1.490000 4.510000 13.960000
1.490000 0.590000 15.266667
4.510000 0.590000 16.273333
4.510000 5.410000 17.880000
7.410000 5.410000 18.846667
7.410000 6.510000 19.213333
1.390000 6.610000 21.253333
1.390000 6.610000 21.263333
0.000000
0.000000
0.000000
4.500000 2.000000 0.000000
3.440000 2.560000 0.540000
3.440000 2.560000 0.550000
4.560000 1.410000 1.306667
4.560000 0.590000 1.580000
1.440000 0.590000 2.620000
1.440000 0.590000 2.630000
4.510000 0.590000 3.653333
5.490000 5.410000 5.586667
6.510000 5.410000 5.926667
6.560000 1.440000 7.266667
6.560000 1.440000 7.276667
6.510000 5.410000 8.616667
5.490000 5.410000 8.956667
4.510000 0.590000 10.890000
1.490000 0.590000 11.896667
1.490000 4.510000 13.203333
2.560000 4.560000 13.576667
2.560000 4.560000 13.586667
1.490000 4.510000 13.960000
1.490000 0.590000 15.266667
4.510000 0.590000 16.273333
4.510000 5.410000 17.880000
7.410000 5.410000 18.846667
7.410000 6.510000 19.213333
1.390000 6.610000 21.253333
1.390000 6.610000 21.263333
4.500000 2.000000 0.000000
3.440000 2.560000 0.540000
3.440000 2.560000 0.550000
4.560000 1.410000 1.306667
4.560000 0.590000 1.580000
1.440000 0.590000 2.620000
1.440000 0.590000 2.630000
4.510000 0.590000 3.653333
4.510000 5.410000 5.260000
6.560000 5.410000 5.943333
6.560000 1.440000 7.266667
6.560000 1.440000 7.276667
6.560000 5.410000 8.600000
5.490000 5.410000 8.956667
5.490000 0.590000 10.563333
1.490000 0.590000 11.896667
1.490000 4.510000 13.203333
2.560000 4.560000 13.576667
2.560000 4.560000 13.586667
1.490000 4.510000 13.960000
1.490000 0.590000 15.266667
5.490000 0.590000 16.600000
5.490000 5.410000 18.206667
7.410000 5.410000 18.846667
7.410000 6.510000 19.213333
1.390000 6.610000 21.253333
1.390000 6.640000 21.263333
0.000000
0.000000
0.000000
0.000000
0.000000
0.000000
4.500000 2.000000 0.000000
4.560000 1.440000 0.206667
4.560000 1.440000 0.216667
1.440000 1.440000 1.256667
1.440000 1.440000 1.266667
2.410000 1.440000 1.590000
2.560000 4.560000 2.680000
2.560000 4.560000 2.690000
2.530000 4.560000 2.700000
2.530000 4.510000 2.716667
-0.410000 4.510000 3.696667
-0.410000 3.440000 4.053333
2.560000 3.440000 5.043333
2.560000 3.440000 5.053333
2.560000 3.440000 5.063333
2.560000 3.470000 5.073333
2.560000 4.510000 5.420000
1.390000 6.610000 6.510000
1.390000 6.610000 6.520000
6.470000 6.610000 8.213333
6.500000 6.610000 8.223333
6.500000 1.470000 9.936667
6.500000 1.440000 9.946667
6.530000 1.440000 9.956667
6.560000 1.440000 9.966667
6.590000 1.440000 9.976667
6.560000 1.440000 9.986667
4.500000 2.000000 0.000000
3.440000 2.560000 0.540000
3.440000 2.560000 0.550000
4.560000 1.410000 1.306667
4.560000 0.590000 1.580000
1.440000 0.590000 2.620000
1.440000 0.590000 2.630000
4.510000 0.590000 3.653333
4.510000 5.410000 5.260000
6.560000 5.410000 5.943333
6.560000 1.440000 7.266667
6.560000 1.440000 7.276667
6.560000 5.410000 8.600000
5.490000 5.410000 8.956667
5.490000 0.590000 10.563333
1.490000 0.590000 11.896667
1.490000 4.510000 13.203333
2.560000 4.560000 13.576667
2.560000 4.560000 13.586667
1.490000 4.510000 13.960000
1.490000 0.590000 15.266667
5.490000 0.590000 16.600000
5.490000 5.410000 18.206667
7.410000 5.410000 18.846667
7.410000 6.510000 19.213333
1.390000 6.610000 21.253333
1.390000 6.640000 21.263333
0.000000
0.000000
0.000000
0.000000
0.000000
0.000000
0.000000
0.000000
0.000000
0.000000
0.000000
0.000000
4.500000 2.000000 0.000000
3.440000 2.560000 0.540000
3.440000 2.560000 0.550000
4.560000 1.410000 1.306667
4.560000 0.590000 1.580000
1.440000 0.590000 2.620000
1.440000 0.590000 2.630000
4.510000 0.590000 3.653333
4.510000 5.410000 5.260000
6.560000 5.410000 5.943333
6.560000 1.440000 7.266667
6.560000 1.440000 7.276667
6.560000 5.410000 8.600000
5.490000 5.410000 8.956667
5.490000 0.590000 10.563333
1.490000 0.590000 11.896667
1.490000 4.510000 13.203333
2.560000 4.560000 13.576667
2.560000 4.560000 13.586667
1.490000 4.510000 13.960000
1.490000 0.590000 15.266667
5.490000 0.590000 16.600000
5.490000 5.410000 18.206667
7.410000 5.410000 18.846667
7.410000 6.510000 19.213333
1.390000 6.610000 21.253333
1.390000 6.640000 21.263333
0.000000
0.000000
0.000000
0.000000
0.000000
0.000000
0.000000
0.000000
0.000000
0.000000
0.000000
0.000000
4.500000 2.000000 0.000000
3.440000 2.560000 0.540000
3.440000 2.560000 0.550000
4.560000 1.440000 1.296667
4.560000 0.590000 1.580000
1.440000 0.590000 2.620000
1.440000 0.590000 2.630000
4.510000 0.590000 3.653333
4.510000 5.410000 5.260000
6.510000 5.410000 5.926667
6.560000 1.440000 7.266667
6.560000 1.440000 7.276667
6.510000 5.410000 8.616667
4.510000 5.410000 9.283333
4.510000 0.590000 10.890000
1.490000 0.590000 11.896667
1.490000 4.510000 13.203333
2.560000 4.560000 13.576667
2.560000 4.560000 13.586667
1.490000 4.510000 13.960000
1.490000 4.480000 13.970000
1.490000 0.590000 15.266667
4.510000 0.590000 16.273333
4.510000 5.490000 17.906667
7.410000 5.490000 18.873333
7.410000 6.510000 19.213333
7.380000 6.510000 19.223333
4.510000 6.510000 20.180000
1.390000 6.610000 21.253333
1.390000 6.640000 21.263333
1.390000 6.670000 21.273333
4.500000 2.000000 0.000000
3.440000 2.560000 0.540000
3.440000 2.560000 0.550000
4.560000 1.440000 1.296667
4.560000 0.590000 1.580000
1.440000 0.590000 2.620000
1.440000 0.590000 2.630000
4.510000 0.590000 3.653333
4.510000 5.410000 5.260000
6.510000 5.410000 5.926667
6.560000 1.440000 7.266667
6.560000 1.440000 7.276667
6.510000 5.410000 8.616667
4.510000 5.410000 9.283333
4.510000 0.590000 10.890000
1.490000 0.590000 11.896667
1.490000 4.510000 13.203333
2.560000 4.560000 13.576667
2.560000 4.560000 13.586667
1.490000 4.510000 13.960000
1.490000 4.480000 13.970000
1.490000 0.590000 15.266667
4.510000 0.590000 16.273333
4.510000 5.490000 17.906667
7.410000 5.490000 18.873333
7.410000 6.510000 19.213333
7.380000 6.510000 19.223333
4.510000 6.510000 20.180000
1.390000 6.610000 21.253333
1.390000 6.640000 21.263333
1.390000 6.670000 21.273333
4.500000 2.000000 0.000000
3.440000 2.560000 0.540000
3.440000 2.560000 0.550000
4.560000 0.620000 1.570000
4.560000 0.590000 1.580000
1.440000 0.590000 2.620000
1.440000 0.590000 2.630000
5.490000 0.590000 3.980000
5.490000 5.410000 5.586667
6.510000 5.410000 5.926667
6.560000 1.440000 7.266667
6.560000 1.440000 7.276667
6.510000 5.410000 8.616667
5.490000 5.410000 8.956667
4.510000 0.590000 10.890000
1.490000 0.590000 11.896667
1.490000 4.510000 13.203333
2.560000 4.560000 13.576667
2.560000 4.560000 13.586667
1.490000 4.510000 13.960000
1.490000 0.590000 15.266667
4.510000 0.590000 16.273333
5.490000 5.410000 18.206667
7.410000 5.410000 18.846667
7.410000 5.380000 18.856667
7.390000 4.390000 19.193333
7.390000 4.390000 19.203333
7.410000 5.490000 19.576667
7.410000 6.510000 19.916667
1.390000 6.610000 21.956667
1.390000 6.640000 21.966667
0.000000
0.000000
0.000000
0.000000
0.000000
0.000000
0.000000
0.000000
0.000000
0.000000
0.000000
0.000000
4.500000 2.000000 0.000000
3.440000 2.560000 0.540000
3.440000 2.560000 0.550000
4.560000 0.620000 1.570000
4.560000 0.590000 1.580000
1.440000 0.590000 2.620000
1.440000 0.590000 2.630000
5.490000 0.590000 3.980000
5.490000 5.410000 5.586667
6.510000 5.410000 5.926667
6.560000 1.440000 7.266667
6.560000 1.440000 7.276667
6.510000 5.410000 8.616667
5.490000 5.410000 8.956667
4.510000 0.590000 10.890000
1.490000 0.590000 11.896667
1.490000 4.510000 13.203333
2.560000 4.560000 13.576667
2.560000 4.560000 13.586667
1.490000 4.510000 13.960000
1.490000 0.590000 15.266667
4.510000 0.590000 16.273333
5.490000 5.410000 18.206667
7.410000 5.410000 18.846667
7.410000 5.380000 18.856667
7.390000 4.390000 19.193333
7.390000 4.390000 19.203333
7.410000 5.490000 19.576667
7.410000 6.510000 19.916667
1.390000 6.610000 21.956667
1.390000 6.640000 21.966667
4.500000 2.000000 0.000000
3.440000 2.560000 0.540000
3.440000 2.560000 0.550000
4.560000 0.620000 1.570000
4.560000 0.590000 1.580000
1.440000 0.590000 2.620000
1.440000 0.590000 2.630000
5.490000 0.590000 3.980000
5.490000 5.410000 5.586667
6.510000 5.410000 5.926667
6.560000 1.440000 7.266667
6.560000 1.440000 7.276667
6.510000 5.410000 8.616667
5.490000 5.410000 8.956667
4.510000 0.590000 10.890000
1.490000 0.590000 11.896667
1.490000 4.510000 13.203333
2.560000 4.560000 13.576667
2.560000 4.560000 13.586667
1.490000 4.510000 13.960000
1.490000 0.590000 15.266667
4.510000 0.590000 16.273333
5.490000 5.410000 18.206667
7.410000 5.410000 18.846667
7.410000 5.380000 18.856667
7.390000 4.390000 19.193333
7.390000 4.390000 19.203333
7.410000 5.490000 19.576667
7.410000 6.510000 19.916667
1.390000 6.610000 21.956667
1.390000 6.640000 21.966667
4.500000 2.000000 0.000000
3.440000 2.560000 0.540000
3.440000 2.560000 0.550000
4.560000 0.620000 1.570000
4.560000 0.590000 1.580000
1.440000 0.590000 2.620000
1.440000 0.590000 2.630000
5.490000 0.590000 3.980000
5.490000 5.410000 5.586667
6.510000 5.410000 5.926667
6.560000 1.440000 7.266667
6.560000 1.440000 7.276667
6.510000 5.410000 8.616667
5.490000 5.410000 8.956667
4.510000 0.590000 10.890000
1.490000 0.590000 11.896667
1.490000 4.510000 13.203333
2.560000 4.560000 13.576667
2.560000 4.560000 13.586667
1.490000 4.510000 13.960000
1.490000 0.590000 15.266667
4.510000 0.590000 16.273333
5.490000 5.410000 18.206667
7.410000 5.410000 18.846667
7.410000 5.380000 18.856667
7.390000 4.390000 19.193333
7.390000 4.390000 19.203333
7.410000 5.490000 19.576667
7.410000 6.510000 19.916667
1.390000 6.610000 21.956667
1.390000 6.640000 21.966667
0.000000
0.000000
0.000000
4.500000 2.000000 0.000000
3.440000 2.560000 0.540000
3.440000 2.560000 0.550000
4.560000 0.620000 1.570000
4.560000 0.590000 1.580000
1.440000 0.590000 2.620000
1.440000 0.590000 2.630000
5.490000 0.590000 3.980000
5.490000 5.410000 5.586667
6.510000 5.410000 5.926667
6.560000 1.440000 7.266667
6.560000 1.440000 7.276667
6.510000 5.410000 8.616667
5.490000 5.410000 8.956667
4.510000 0.590000 10.890000
1.490000 0.590000 11.896667
1.490000 4.510000 13.203333
2.560000 4.560000 13.576667
2.560000 4.560000 13.586667
1.490000 4.510000 13.960000
1.490000 0.590000 15.266667
4.510000 0.590000 16.273333
5.490000 5.410000 18.206667
7.410000 5.410000 18.846667
7.410000 5.380000 18.856667
7.390000 4.390000 19.193333
7.390000 4.390000 19.203333
7.410000 5.490000 19.576667
7.410000 6.510000 19.916667
1.390000 6.610000 21.956667
1.390000 6.640000 21.966667
4.500000 2.000000 0.000000
3.440000 2.560000 0.540000
3.440000 2.560000 0.550000
4.560000 0.620000 1.570000
4.560000 0.590000 1.580000
1.440000 0.590000 2.620000
1.440000 0.590000 2.630000
5.490000 0.590000 3.980000
5.490000 5.410000 5.586667
6.510000 5.410000 5.926667
6.560000 1.440000 7.266667
6.560000 1.440000 7.276667
6.510000 5.410000 8.616667
5.490000 5.410000 8.956667
4.510000 0.590000 10.890000
1.490000 0.590000 11.896667
1.490000 4.510000 13.203333
2.560000 4.560000 13.576667
2.560000 4.560000 13.586667
1.490000 4.510000 13.960000
1.490000 0.590000 15.266667
4.510000 0.590000 16.273333
5.490000 5.410000 18.206667
7.410000 5.410000 18.846667
7.410000 5.380000 18.856667
7.390000 4.390000 19.193333
7.390000 4.390000 19.203333
7.410000 5.490000 19.576667
7.410000 6.510000 19.916667
1.390000 6.610000 21.956667
1.390000 6.640000 21.966667
4.500000 2.000000 0.000000
3.440000 2.560000 0.540000
3.440000 2.560000 0.550000
4.560000 0.620000 1.570000
4.560000 0.590000 1.580000
1.440000 0.590000 2.620000
1.440000 0.590000 2.630000
5.490000 0.590000 3.980000
5.490000 5.410000 5.586667
6.510000 5.410000 5.926667
6.560000 1.440000 7.266667
6.560000 1.440000 7.276667
6.510000 5.410000 8.616667
5.490000 5.410000 8.956667
4.510000 0.590000 10.890000
1.490000 0.590000 11.896667
1.490000 4.510000 13.203333
2.560000 4.560000 13.576667
2.560000 4.560000 13.586667
1.490000 4.510000 13.960000
1.490000 0.590000 15.266667
4.510000 0.590000 16.273333
5.490000 5.410000 18.206667
7.410000 5.410000 18.846667
7.410000 5.380000 18.856667
7.390000 4.390000 19.193333
7.390000 4.390000 19.203333
7.410000 5.490000 19.576667
7.410000 6.510000 19.916667
1.390000 6.610000 21.956667
1.390000 6.640000 21.966667
4.500000 2.000000 0.000000
3.440000 2.560000 0.540000
3.440000 2.560000 0.550000
4.560000 0.620000 1.570000
4.560000 0.590000 1.580000
1.440000 0.590000 2.620000
1.440000 0.590000 2.630000
5.490000 0.590000 3.980000
5.490000 5.410000 5.586667
6.510000 5.410000 5.926667
6.560000 1.440000 7.266667
6.560000 1.440000 7.276667
6.510000 5.410000 8.616667
5.490000 5.410000 8.956667
4.510000 0.590000 10.890000
1.490000 0.590000 11.896667
1.490000 4.510000 13.203333
2.560000 4.560000 13.576667
2.560000 4.560000 13.586667
1.490000 4.510000 13.960000
1.490000 0.590000 15.266667
4.510000 0.590000 16.273333
5.490000 5.410000 18.206667
7.410000 5.410000 18.846667
7.410000 5.380000 18.856667
7.390000 4.390000 19.193333
7.390000 4.390000 19.203333
7.410000 5.490000 19.576667
7.410000 6.510000 19.916667
1.390000 6.610000 21.956667
1.390000 6.640000 21.966667
4.500000 2.000000 0.000000
3.440000 2.560000 0.540000
3.440000 2.560000 0.550000
4.560000 0.620000 1.570000
4.560000 0.590000 1.580000
1.440000 0.590000 2.620000
1.440000 0.590000 2.630000
5.490000 0.590000 3.980000
5.490000 5.410000 5.586667
6.510000 5.410000 5.926667
6.560000 1.440000 7.266667
6.560000 1.440000 7.276667
6.510000 5.410000 8.616667
5.490000 5.410000 8.956667
4.510000 0.590000 10.890000
1.490000 0.590000 11.896667
1.490000 4.510000 13.203333
2.560000 4.560000 13.576667
2.560000 4.560000 13.586667
1.490000 4.510000 13.960000
1.490000 0.590000 15.266667
4.510000 0.590000 16.273333
5.490000 5.410000 18.206667
7.410000 5.410000 18.846667
7.410000 5.380000 18.856667
7.390000 4.390000 19.193333
7.390000 4.390000 19.203333
7.410000 5.490000 19.576667
7.410000 6.510000 19.916667
1.390000 6.610000 21.956667
1.390000 6.640000 21.966667
-1.350000 -1.100000 0.000000
-1.340000 -1.100000 0.010000
-1.330000 -1.100000 0.020000
-1.320000 -1.100000 0.030000
-1.310000 -1.100000 0.040000
-1.300000 -1.100000 0.050000
-1.290000 -1.100000 0.060000
-1.090000 -1.100000 0.260000
-1.080000 -1.100000 0.270000
0.110000 -1.100000 1.460000
0.120000 -1.100000 1.470000
0.130000 -1.100000 1.480000
0.130000 -1.090000 1.490000
1.090000 0.310000 3.850000
1.100000 0.310000 3.860000
1.110000 0.310000 3.870000
1.120000 0.310000 3.880000
1.130000 0.310000 3.890000
1.140000 0.310000 3.900000
1.150000 0.310000 3.910000
1.150000 1.150000 4.750000
-1.350000 -1.100000 0.000000
-1.350000 -1.090000 0.010000
-1.090000 0.060000 1.420000
-1.080000 0.060000 1.430000
-1.080000 0.050000 1.440000
-1.080000 -0.740000 2.230000
-1.080000 -0.750000 2.240000
-1.080000 -0.760000 2.250000
-1.080000 -0.770000 2.260000
-1.080000 -0.780000 2.270000
-1.080000 -0.790000 2.280000
-1.080000 -0.800000 2.290000
-1.080000 -0.810000 2.300000
-1.070000 -0.810000 2.310000
-1.060000 -0.810000 2.320000
-1.050000 -0.810000 2.330000
-1.040000 -0.810000 2.340000
0.110000 -0.810000 3.490000
0.120000 -0.810000 3.500000
0.485000 0.915000 5.590000
1.150000 1.150000 6.490000
-1.350000 -1.100000 0.000000
-1.290000 0.910000 2.070000
-1.280000 0.910000 2.080000
-1.270000 0.910000 2.090000
-1.260000 0.910000 2.100000
-1.250000 0.910000 2.110000
-1.240000 0.910000 2.120000
-1.230000 0.910000 2.130000
-1.220000 0.910000 2.140000
-1.210000 0.910000 2.150000
-1.200000 0.910000 2.160000
-1.190000 0.910000 2.170000
-1.180000 0.910000 2.180000
-1.170000 0.910000 2.190000
-1.160000 0.910000 2.200000
-1.150000 0.910000 2.210000
-1.140000 0.910000 2.220000
-1.130000 0.910000 2.230000
0.615000 0.910000 3.975000
0.625000 0.910000 3.985000
1.150000 1.150000 4.750000
0.000000
0.000000
0.000000
-1.350000 -1.100000 0.000000
-1.350000 -1.090000 0.010000
-1.350000 -1.080000 0.020000
-1.350000 -1.070000 0.030000
-1.350000 -1.060000 0.040000
-1.350000 -1.050000 0.050000
-1.350000 -1.040000 0.060000
-1.350000 -1.030000 0.070000
-1.350000 -1.020000 0.080000
-1.350000 -1.010000 0.090000
-1.350000 -1.000000 0.100000
-1.350000 -0.990000 0.110000
-1.350000 -0.980000 0.120000
-1.350000 -0.970000 0.130000
-1.350000 0.615000 1.715000
0.310000 0.910000 3.670000
0.310000 0.920000 3.680000
0.300000 0.920000 3.690000
-0.310000 0.920000 4.300000
-0.310000 0.930000 4.310000
1.150000 1.150000 5.990000
-1.350000 -1.100000 0.000000
-1.350000 -0.615000 0.485000
-1.340000 -0.615000 0.495000
-0.625000 -0.615000 1.210000
-0.615000 -0.615000 1.220000
-0.615000 -0.605000 1.230000
-0.615000 0.910000 2.745000
0.310000 0.910000 3.670000
0.310000 0.920000 3.680000
-0.300000 0.920000 4.290000
-0.310000 0.920000 4.300000
-0.310000 0.930000 4.310000
-0.310000 0.940000 4.320000
-0.310000 0.950000 4.330000
-0.310000 0.960000 4.340000
-0.310000 0.970000 4.350000
-0.310000 0.980000 4.360000
-0.310000 0.990000 4.370000
-0.310000 1.140000 4.520000
-0.310000 1.150000 4.530000
1.150000 1.150000 5.990000
-1.350000 -1.100000 0.000000
-1.350000 0.910000 2.010000
0.310000 0.910000 3.670000
0.310000 0.920000 3.680000
-1.060000 0.920000 5.050000
-1.070000 0.920000 5.060000
-1.080000 0.920000 5.070000
-1.090000 0.920000 5.080000
-1.100000 0.920000 5.090000
-1.110000 0.920000 5.100000
-1.120000 0.920000 5.110000
-1.130000 0.920000 5.120000
-1.140000 0.920000 5.130000
-1.150000 0.920000 5.140000
-1.150000 0.930000 5.150000
-1.150000 0.940000 5.160000
-1.150000 0.950000 5.170000
-1.150000 0.960000 5.180000
-1.150000 0.970000 5.190000
-1.150000 0.980000 5.200000
-1.150000 1.150000 5.370000
1.350000 -1.100000 0.000000
1.350000 0.615000 1.715000
1.340000 0.615000 1.725000
0.330000 0.615000 2.735000
0.320000 0.615000 2.745000
0.320000 0.910000 3.040000
0.310000 0.910000 3.050000
-1.070000 0.910000 4.430000
-1.080000 0.910000 4.440000
-1.090000 0.910000 4.450000
-1.100000 0.910000 4.460000
-1.110000 0.910000 4.470000
-1.120000 0.910000 4.480000
-1.130000 0.910000 4.490000
-1.140000 0.910000 4.500000
-1.150000 0.910000 4.510000
-1.150000 0.920000 4.520000
-1.150000 0.930000 4.530000
-1.150000 0.940000 4.540000
-1.150000 0.950000 4.550000
-1.150000 1.150000 4.750000
0.000000
0.000000
0.000000
4.500000 2.000000 0.000000
4.560000 1.440000 0.206667
4.560000 1.440000 0.216667
3.440000 2.560000 0.963333
2.560000 2.560000 1.256667
2.560000 0.590000 1.913333
1.440000 0.590000 2.286667
1.440000 0.590000 2.296667
4.510000 0.590000 3.320000
4.510000 5.410000 4.926667
6.510000 5.410000 5.593333
6.560000 1.440000 6.933333
6.560000 1.440000 6.943333
6.560000 5.410000 8.266667
5.490000 5.410000 8.623333
5.490000 0.590000 10.230000
1.490000 0.590000 11.563333
1.490000 4.560000 12.886667
2.560000 4.560000 13.243333
2.560000 4.560000 13.253333
1.490000 4.510000 13.626667
1.490000 0.590000 14.933333
5.490000 0.590000 16.266667
5.490000 5.410000 17.873333
6.510000 5.410000 18.213333
6.810000 4.390000 18.653333
6.840000 4.390000 18.663333
7.410000 5.490000 19.220000
7.410000 6.510000 19.560000
1.390000 6.610000 21.600000
1.360000 6.610000 21.610000
0.000000
0.000000
0.000000
